list(alpha = 1.7, beta = 0.5, 
gamma = 0.00029, delta = 0.0065)
