list(alpha = 1.2, beta = -0.5, 
gamma = 0.00029, delta = 0.0065)
