list(theta = c(1.0, 1.0), X = c(10.0, 30.0, 40.0))
