list(ns = 157,
	 error = structure(.Data = c(1, 0, 0, 0,
                                                  NA, NA, 0, 0,
                          				    NA, NA, NA, 0,
										NA, NA, NA, NA), .Dim = c(4, 4)),
	 prior = c(1, 1, 1, 1),										
      biopsies = structure(.Data = c(
			2,0,0,0, 
			2,0,0,0, 
			2,0,0,0, 
			2,0,0,0, 
			2,0,0,0, 
			2,0,0,0, 
			2,0,0,0, 
			2,0,0,0, 
			2,0,0,0, 
			2,0,0,0,
			2,0,0,0, 
			2,0,0,0, 
			1,1,0,0, 
			1,1,0,0, 
			1,1,0,0, 
			1,1,0,0, 
			1,1,0,0, 
			1,1,0,0, 
			1,1,0,0, 
			1,1,0,0,               
			1,1,0,0, 
			1,1,0,0, 
			0,2,0,0, 
			0,2,0,0, 
			0,2,0,0, 
			0,2,0,0, 
			1,0,1,0, 
			1,0,1,0, 
			1,0,1,0, 
			1,0,1,0,                  
			1,0,1,0, 
			1,0,1,0, 
			1,0,1,0, 
			1,0,1,0, 
			1,0,1,0, 
			0,0,2,0, 
			0,0,2,0, 
			0,0,2,0, 
			0,0,2,0, 
			0,0,2,0,                  
			0,0,2,0, 
			0,0,2,0, 
			0,0,2,0, 
			0,0,2,0, 
			0,0,2,0, 
			0,0,2,0, 
			0,0,2,0, 
			1,0,0,1, 
			0,0,1,1, 
			0,0,1,1,                  
			0,0,1,1, 
			0,0,0,2, 
			0,0,0,2, 
			0,0,0,2, 
			0,0,0,2, 
			0,0,0,2, 
			0,0,0,2,
			3,0,0,0, 
			3,0,0,0, 
			3,0,0,0, 
			3,0,0,0, 
			3,0,0,0, 
			3,0,0,0, 
			3,0,0,0, 
			3,0,0,0, 
			3,0,0,0, 
			3,0,0,0, 
			3,0,0,0, 
			3,0,0,0, 
			3,0,0,0, 
			3,0,0,0, 
			3,0,0,0, 
			3,0,0,0, 
			3,0,0,0, 
			3,0,0,0, 
			3,0,0,0, 
			3,0,0,0, 
			3,0,0,0, 
			3,0,0,0, 
			3,0,0,0, 
			3,0,0,0, 
			3,0,0,0, 
			3,0,0,0, 
			3,0,0,0, 
			3,0,0,0, 
			2,1,0,0, 
			2,1,0,0, 
			2,1,0,0, 
			2,1,0,0, 
			2,1,0,0, 
			2,1,0,0, 
			2,1,0,0, 
			2,1,0,0, 
			2,1,0,0, 
			2,1,0,0, 
			2,1,0,0, 
			2,1,0,0, 
			2,1,0,0, 
			1,2,0,0, 
			1,2,0,0, 
			1,2,0,0, 
			1,2,0,0, 
			1,2,0,0, 
			1,2,0,0, 
			1,2,0,0, 
			1,2,0,0, 
			1,2,0,0, 
			1,2,0,0, 
			0,3,0,0, 
			2,0,1,0, 
			2,0,1,0, 
			2,0,1,0, 
			2,0,1,0, 
			2,0,1,0, 
			2,0,1,0, 
			2,0,1,0, 
			2,0,1,0, 
			2,0,1,0, 
			1,1,1,0, 
			0,2,1,0, 
			1,0,2,0, 
			1,0,2,0, 
			1,0,2,0, 
			1,0,2,0, 
			1,0,2,0, 
			1,0,2,0, 
			1,0,2,0, 
			1,0,2,0, 
			1,0,2,0, 
			1,0,2,0, 
			1,0,2,0, 
			1,0,2,0, 
			1,0,2,0, 
			1,0,2,0, 
			1,0,2,0, 
			1,0,2,0, 
			1,0,2,0, 
			0,1,2,0, 
			0,0,3,0, 
			0,0,3,0, 
			0,0,3,0, 
			0,0,3,0, 
			0,0,3,0, 
			0,0,3,0, 
			0,0,3,0, 
			0,0,3,0, 
			2,0,0,1,
			1,0,1,1, 
			0,0,2,1, 
			0,0,1,2, 
			0,0,1,2, 
			0,0,1,2, 
			0,0,0,3, 
			0,0,0,3, 
			0,0,0,3, 
			0,0,0,3, 
			0,0,0,3              
               ), .Dim = c(157, 4)))

