list(mu.beta = c(10,10), tauC = 0.1,
		      beta = structure(
				.Data = c(50,3,50,3,50,3,50,3,50,3,
		               50,3,50,3,50,3,50,3,50,3,
		               50,3,50,3,50,3,50,3,50,3,
		               50,3,50,3,50,3,50,3,50,3,
		               50,3,50,3,50,3,50,3,50,3,
		               50,3,50,3,50,3,50,3,50,3),
				.Dim = c(30, 2)),
		      R = structure(.Data = c(3,0,0,3), .Dim = c(2, 2)))
