list(nChild = 13, nInd = 34,
	 gamma = structure(
	.Data = c(0.7425,      NA,      NA,      NA,
              10.2670,      NA,      NA,      NA,
              10.5215,      NA,      NA,      NA,
               9.3877,      NA,      NA,      NA,
               0.2593,      NA,      NA,      NA,
              -0.5998,      NA,      NA,      NA,
              10.5891,      NA,      NA,      NA,
               6.6701,      NA,      NA,      NA,
               8.8921,      NA,      NA,      NA,
              12.4275,      NA,      NA,      NA,
              12.4788,      NA,      NA,      NA,
              13.7778,      NA,      NA,      NA,
               5.8374,      NA,      NA,      NA,
               6.9485,      NA,      NA,      NA,
              13.7184,      NA,      NA,      NA,
              14.3476,      NA,      NA,      NA,
               4.8066,      NA,      NA,      NA,
               9.1037,      NA,      NA,      NA,
              10.7483,      NA,      NA,      NA,
               0.3887,  1.0153,      NA,      NA,
               3.2573,  7.0421,      NA,      NA,
              11.6273, 14.4242,      NA,      NA,
              15.8842, 17.4685,      NA,      NA,
              14.8926, 16.7409,      NA,      NA,
              15.5487, 16.8720,      NA,      NA,
              15.4091, 17.0061,      NA,      NA,
               3.9216,  5.2099,      NA,      NA,
              15.4750, 16.9406, 17.4944,      NA,
               0.4927,  1.3556,  2.3016,  3.2535,
               1.3059,  1.8793,  2.4970,  3.2306,
               1.5012,  1.8902,  2.3689,  2.9495,
               0.8021,  2.3873,  3.9525,  5.3198,
               5.0022,  6.3704,  8.2832, 10.4988,
               4.0168,  5.1537,  7.1053, 10.3038), .Dim = c(34, 4)),
     delta = c(2.9541, 0.6603, 0.7965, 1.0495, 5.7874, 3.8376, 0.6324, 
               0.8272, 0.6968, 0.8747, 0.8136, 0.8246, 0.6711, 0.978, 
               1.1528, 1.6923, 1.0331, 0.5381, 1.0688, 8.1123, 0.9974, 
               1.2656, 1.1802, 1.368, 1.5435, 1.5006, 1.6766, 1.4297, 
               3.385,  3.3085, 3.4007, 2.0906, 1.0954, 1.5329),
      ncat = c(2, 2, 2, 2, 2, 2, 2, 2, 2, 2, 2, 2, 2, 2, 2, 2, 2, 2, 2, 
               3, 3, 3, 3, 3, 3, 3, 3, 4, 5, 5, 5, 5, 5, 5), 
grade = structure(
.Data = c(
1,1,1, 1,1,1,1, 1,1,1, 1, 1, 1, 1,1, 1, 1,1, 1,2,1,1, 1, 1, 1, 1,1,1,2,1,1,2,1,1,
2,1,1, 1,2,2,1, 1,1,1, 1, 1, 1, 1,1, 1, 1,1, 1,3,1,1, 1, 1, 1, 1,1,1,3,1,1,2,1,1,
2,1,1, 1,2,2,1, 1,1,1, 1, 1, 1, 1,1, 1, 1,1, 1,3,1,1, 1, 1, 1, 1,1,1,4,3,3,3,1,1,
2,1,1, 1,2,2,1, 1,1,1, 1, 1, NA,1,1, 1, 1,1, 1,3,1,1, 1, 1, 1, 1,1,1,4,5,4,3,1,1,
2,1,1, 1,2,2,1, 1,2,1, 1, 1, 1, 1,1, 1, 2,1, 1,3,2,1, 1, 1, 1, 1,3,1,5,5,5,4,2,3,
2,1,1, 1,2,2,1, 2,1,1, 1, 1, 1, 2,1, 1, 2,NA,1,3,2,1, 1, 1, 1, 1,3,1,5,5,5,5,3,3,
2,1,1, 1,2,2,1, 1,1,NA,NA,1, 1, 1,1, 1, 2,NA,1,3,3,1, 1, 1, 1, 1,3,1,5,5,5,5,3,3,
2,1,2, 2,2,2,2, 2,1,NA,NA,1, 2, 2,1, 1, 2,2, 1,3,2,1, 1, 1, 1, 1,3,1,5,5,5,5,3,4,
2,1,1, 2,2,2,2, 2,2,1, 1, 1, 2, 1,1, 1, 2,1, 1,3,3,1, 1, 1, 1, 1,3,1,5,5,5,5,4,4,
2,1,2, 2,2,2,2, 2,2,1, 1, 1, 2, 2,2, 1, 2,NA,2,3,3,1, 1, 1, 1, 1,3,1,5,5,5,5,5,5,
2,1,NA,2,2,2,NA,2,2,1, NA,NA,2, 2,NA,NA,2,1, 2,3,3,NA,1, NA,1, 1,3,1,5,5,5,5,5,5,
2,2,2, 2,2,2,2, 2,2,2, 2, 2, 2, 2,2, 2, 2,2, 2,3,3,3, 1, NA,2, 1,3,2,5,5,5,5,5,5,
2,2,2, 2,2,2,2, 2,2,2, NA,2, 2, 2,2, 2, 2,2, 2,3,3,3, NA,2, NA,2,3,4,5,5,5,5,5,5), .Dim = c(13, 34))
)

