list(x=c(0,0,0,0,0,0,0,0,0,0,0,0,0,0,0,0,0,0,0,0,0,0,0,0,0,0,0,0,0,0,0,0,
0,0,0,0,0,0,0,0,0,0,0,0,0,0,1,1,1,1,1,1,1,1,1,1,1,1,1,1,2,2,2,2,2,2,2,2,
2,3, 3, 3, 3, 4, 4, 5, 5, 5, 6, 6, 6,7,7,7,8,9,9,10, 10,
11, 11, 12,  12,  14,  15,  15,  17,  17,  22,  24,  34), N=101, C=10)
