list(alpha=1, sigma = 0.1, theta=1) # MLEs are 1.3234, 0.1927, 1.1969 

