list(x=c(1.6837482, 2.0937042,   1.7325813,   1.7797540,   4.6120059,
8.7252738,   7.8989751,   2.2080454,   1.4860908,   2.7961713,
7.3206442,   3.3674963,   1.4641288,   1.7222225,  11.3748170,
2.4827394,  26.2146413,   2.0024305,   4.5300146,   1.8417526,
3.8067350,  14.1220761,   5.4242533,  11.7130307,   1.5153734,
2.5385886,   2.0497804,  12.4655930,   1.7354451,   1.6837482,
3.3238521,   1.8210249,   2.4158126,   1.4641288,   5.8759019,
1.7924392,   3.3382138,   1.5844876,   1.9313206,   2.0497804,
1.5737584,   1.7569546,   4.9311859,   5.4172767,   1.5373353,
17.5695461,  1.6911230,   1.5816120,   1.4671157,   2.0497804,
1.9287116,   3.2631537,   1.7042460,   2.0746076,   3.2942899,
1.8399751,   7.3206442,   7.3206442,   1.5762152,   4.8560981,
1.5422753,  13.6207906,   1.7569546,   1.6398243,   2.0363777,
21.9619327,  1.7990264,   2.4524158,   2.6691069,   2.0241464,
1.7247438,   1.6438638,   1.9619327,   4.6266471,   1.4641288,
3.9632504,   5.5638521,   4.3923865,   3.6403133,   1.6778917,
1.4494876, 263.2503660,   2.5007321,   1.8257687,   9.8828697,
2.1466179,   2.8702592,   6.3199136,   2.1234612,   2.9238653,
2.0363763,   1.7364568,   2.0497804,   1.9033675,   1.6105417,
1.7174231,   3.1294378,   2.0519575,   1.9675183,   2.1024890,
3.2591508,   1.9985359,   5.4172767,   2.8198360,   3.6970835,
2.0453880,   2.6793558,   3.4262240,   1.5885798,   4.2628712,
1.7558594,   1.9870059,   1.6619253,   7.6134700,   1.7948785,
6.6748170,   2.1859444,   3.8550512,   3.2210835,   2.1229868,
1.7602914,   2.0416530,   3.7559385,   2.2421113,   1.7211127,
1.4641288,   4.7118917,   2.1538243,   3.8748126,  19.0702782,
1.8872621,   1.4641288,   1.5361640,   2.5600659,   2.7997072,
2.0131772,   1.4641288,   6.3250366,   1.5673001,   2.1961933,
2.3352855,   2.1156662,   1.4695447,   5.4026354,   5.3147877,
2.8726208,   2.7818448,   2.5768214,   3.1010249,   1.4641288,
2.0497804,   1.9619327,   1.4641288,   2.6354319,   1.4641288,
5.8565154,   3.2942899,   2.5208565,  19.4729136,   1.8354627,
2.0497804,   2.7833089,   2.7818448,   1.7569546,   2.8404100,
2.3308931,   1.7562254,   1.3145478,   2.4039712,   6.9156304,
1.4918768,   1.5323958,   1.8738611,   1.8152031,   8.2568807,
1.4102045,   2.2066252,  34.1415465,   2.4433106,   3.5943696,
2.3722149,   3.6697248,   6.8884535,   1.8020970,   1.4416776,
9.1743119,   2.0969856,   2.8145478,   1.6849030,   2.0996068,
2.6212320,   1.3761468,   1.6644823,   2.3591088,   4.1364875,
1.3943958,   1.8020970,   1.8191350,   1.5137615,   3.0807733,
20.9698558,  4.1939712,   1.8616435,   2.4967235,   2.2137811,
5.2424640,   1.3222543,   8.5517693,   1.9659240,  12.8951507,
1.7889908,   2.1768270,   8.7776278,   1.8152031,   1.6831402,
3.6435125,   1.6133683,   1.4678899,   1.4056042,   3.1208034,
1.5981809,   3.8007864,   1.5100891,   1.5727392,   1.8300524,
2.6212320,   2.8064810,   1.3577982,   1.6186107,   1.9659240,
3.0222805,  56.2254260,   4.9803408,   1.9871625,   1.9659240,
2.7112923,   1.9003932,   1.7234600,   1.5727392,   1.7038008,
3.0196592,   1.8348624,   1.4193971,   4.3905636,   7.8636959,
1.5727392,   1.3366134,   1.7038008,   2.6356225,   1.8647182,
1.4577549,   7.5583224,   2.0313971,   1.3499345,   1.4748624,
5.1114024,   5.2424640,   1.4416776,   3.9361389,   4.0629096,
1.3761468,   1.6841415,   1.4406199,   1.3645491,   1.5727392,
2.1854220,   3.2813460,   1.3631009,   2.1231979,   2.6343381,
2.0982962,   3.4343526,   1.4787955,   2.6212320,   3.0013106,
1.4297339,  10.2228047,   2.5793958,   1.7553591,   1.4734050,
1.9528178,   1.7798689,   1.9868624,   1.9397117,   1.6759004,
1.5727392,   2.5249017,  14.6788991,   3.0340760,   1.9790301,
5.9377588,   1.4416776,   2.6212320,   2.0380079,   3.7549148,
2.4377457,   1.7020315,   7.1098702,   2.0196592,   1.8504902,
1.4159502,   7.6933159,   3.0144168,   2.3591088,   1.5923159,
1.3892529,   1.3329685,   1.4233290,   2.9775714,   1.3873552,
1.4049803,   2.6212320,   4.2791612,   1.6055046,   2.0117955,
2.2673657,   1.4646501,   3.3740655,   1.4907995,   2.0969856,
1.5701664,   1.3761468,   3.1454784,   8.4537353,   3.0332831,
2.0642202,   6.4220183,   1.8987877,   1.4901704,  50.0655308,
1.5596330,   1.9659240,   1.8000524,   2.4246396,   1.3106160,
1.6120577,   4.2211653,   1.2604043,   1.4036932,   1.2972652,
1.9274923,   1.9154578,   1.2074518,   5.6985826,   1.9024970,
1.1891344,  10.1780238,   1.6020797,   4.1617122,   2.3630499,
1.9650440,   1.9459822,   2.8537455,   1.2024400,  10.8204518,
1.5887634,   2.0963496,   5.4696790,   1.8929845,   2.0332937,
1.6052319,   1.4030916,   1.1950059,   3.2461356,   1.2631225,
2.9726516,   1.2049501,   1.8812735,   1.7835910,   3.9239001,
1.9024970,   1.6646849,   4.4528252,   1.3236207,   1.6052319,
24.9702735,  2.7348395,   1.7835910,   1.8109394,   2.1141498,
1.3912010,   1.3460166,   1.5073841,   1.9404875,   2.5697979,
1.5807658,   1.4875149,   1.5219976,   1.6908442,   1.7835910,
1.2588656,   1.5737479,   1.4673008,   2.7137051,   2.7360285,
1.4565993,   2.1374316,   2.4790904,   2.3781213,   4.6373365, # )) ,
1.1890606,   1.5457788,   2.3424495,   2.3376932,   1.3971463,
4.2211653,   1.6399524,   1.2187872,   3.6860880,   2.4970273,
2.4970273,   5.2318668,   1.3079667,   1.2681249,   2.1652794,
4.6401926,   2.9726516,   1.6646849,   1.1890606,  11.8906064,
2.8656361,   1.2443674,   1.7241379,   5.6956005,   1.3595696,
7.0749108,   1.4034756,   1.4024185,   1.3198573,   4.3205886,
1.8430440,   1.4149822,   1.4863258,   4.9460321,   1.9131986,
20.0499405,  1.4365077,   5.5077289,   3.2104637,   1.3993282,
5.0017348,   3.4482759,   3.5564804,   1.3575684,   2.1315113,
1.8418858,   1.4268728,   2.4175981,   1.2521546,   1.8997027,
1.5591831,   1.2492533,   1.9032414,   1.6052319,   2.2296587,
1.2128419,   3.4482759,   1.2432675,   1.6749310,   1.3531510,
1.7875446,   2.0368609,   1.9738407,   1.6409037,   2.9099322,
2.5509584,   1.8073722,   4.0025779,   1.4268728,   0.9512485,
2.3431118,   1.3888228,   4.1736029,   1.2785375,   3.5588585,
1.2001498,   1.5512342,   1.6996195,  65.7074911,  27.2625945,
15.9262782,  1.2794970,   3.0984411,   2.9469619,   1.2247325,
1.6646849,   1.3196017,   1.5165993,   1.2732307,   1.6646849,
1.3079667,   5.4696790,   1.2485137,   1.9868252,   1.4268728,
1.4268728,   2.1640904,   2.1403092,   1.3079667,   1.4983841,
1.6884661,   1.8399489,   4.3757432,   1.7866920,   1.6559441,
1.1890606,   3.8507598,   4.1617122,   2.1403092,   2.1403092,
2.6159334,   4.1617122,  22.2582259,   2.2592152,   4.2806183,
1.3062473,   5.5885850,   2.7942925,   1.4416018,   1.3496463,
1.5650723,   1.1123471,   2.8101635,   1.7834527,   2.1286986,
4.3492770,   2.7107898,   1.1345940,   2.6236863,   2.3937709,
6.2347052,   1.3781980,   1.2169077,   1.1635150,   2.4594071,
4.7274750,   1.5572859,   1.3070078,   3.1434928,   1.1971079,
1.1679644,   1.1123471,   1.7797553,   1.6474027,   1.7236919,
5.5617353,   1.3348165,   0.8620690,   1.4460512,   1.3348165,
1.5906563,   1.1123471,   3.0324360,   3.7864294,   2.2246941,
2.4471635,  10.0111235,   1.1635473,   1.1123471,   3.1528632,
3.7263626,   4.4493882,   2.2812636,   3.5595106,   4.4493882,
1.2091212,   1.1568409,   2.2246941,   1.2402670,   1.1592558,
1.6685206,   3.3370412,  10.0723026,   2.1412681,   1.4749722,
1.1123471,   1.6896552,   1.6685206,   1.6173526,   1.1123471,
2.1690768,   1.4938821,   1.4082314,   2.5027809,   2.2580645,
3.7263626,   1.8936997,   1.7041157,   2.3428543,   1.9466073,
1.2791991,   1.5106963,   2.4471635,   3.6751947,   2.3782414,
1.7741935,   1.5151279,   2.2347052,   1.8164627,   3.4482759,
4.6718576,   1.1568409,   1.2235818,   4.0789299,   1.1924360,
1.2040934,   2.5583982,   1.6184650,   1.8220245,   1.6105640,
1.8609566,   7.9920701,   1.7853170,   4.8943270,   2.5205784,
1.3948832,   1.3904338,   1.2971791,   3.6707453,   3.8765295,
3.5873192,   1.4379544,   1.1752748,   1.5016685,   1.5060033,
5.9254727,  12.6318131,   3.0611791,   1.4360400,   2.2791991,
