list(x = 0.99, y = 0.99)
