list(x = 0.75, y = 0.75)
