list(x = 0.5, y = 0)
