list(x = 0.6, y = 0.6)
