list(base=c(-3.09,-3.25,-2.12),logHR=c(-.63,.15,-.92),LHR=-0.35) 
