list(base=c(-3.09,-3.25,-2.12),logHR=c(-0.63,0.15,-0.92),LHR=-0.35) 
