list(tau=1,
alpha=c(NA,1,1,1,1,1,1,1,1,1,1,1,1),
beta =c(0.5,0.1,1,1,1,1,1,1,1,1,1))
