list(alpha=c(3690, 3090, 2490, 1670,1250, 690, NA), 
	beta=c(3540, 2540, 1990, 1280, 940, 550, 250),
theta = c(3680, 3670, 3610, 3595, 3550, 3080, 2895, 2850, 2550, 2480, 2220, 2175, 2040, 
		     2030, 2010, 2000, 1660, 1640, 1590, 1570, 1530, 1380, 1310, 1290, 1245, 1220,
			1170, 1170, 1080,  1010,   1000,   1000,   1000,    1000,  680,   565,   355))
