list(alpha=c(3640, 3040, 2440, 1620,1200, 640, NA), 
	beta=c(3490, 2490, 1940, 1230, 790, 500, 200),
theta = c(3630, 3620, 3560, 3545, 3500, 3030, 2845, 2800, 2500, 2430, 2170, 2125, 1990, 
		     1980, 1960, 1950, 1610, 1590, 1540, 1520, 1480, 1330, 1260, 1240, 1195, 1170,
			1120, 1120, 1030,  960,   880,   870,   820,    800,  630,   515,   305))
