list(beta0 = 10, beta1 = 10)
