list( beta = 1.0, 
     dL0 = c(2.0,2.0,2.0,2.0,2.0,2.0,2.0,2.0,2.0,
             2.0,2.0,2.0,2.0,2.0,2.0, 2.0,2.0),
tau = 0.1)
