list(alpha = 10, beta = 10, tau = 0.1)
