list(C=c(0, 3, 3, 1, 1, 0, 3, 3, 2, 5, 3, 1, 1, 2, 0, 4, 4, 2, 7, 7, 3, 0, 3, 3, 4, 1, 0, 3, 3, 0, 2, 0, 0, 2, 3, 0, 0, 0, 0, 5, 3, 1, 1, 3, 2, 2, 1, 1, 4, 2, 1, 0, 0, 7, 4, 6, 0, 1, 7, 6, 1, 1, 0, 2, 0, 0, 1, 4, 1, 0, 1, 0, 6, 2, 4, 3, 0, 0, 2, 3, 3, 3, 7, 3, 4, 1, 2, 1, 4, 4, 5, 1, 2, 1, 3, 1, 2, 2, 2, 1, 2, 2, 6, 0, 0, 1, 2, 2, 5, 0, 2, 5, 0, 3, 2, 6, 7, 0, 1, 3, 0, 0, 1, 1, 1, 2, 0, 3, 1, 3, 6, 4, 2, 1, 1, 4, 0, 3, 0, 1, 0, 3, 4, 7, 6, 6, 0, 1, 0, 0, 0, 5, 1, 0, 2, 4, 6, 3, 3, 1, 1, 0, 8, 2, 0, 0, 3, 6, 3, 8, 2, 0, 1, 2, 0, 0, 2, 1, 3, 3, 5, 0, 0, 0, 6, 7, 2, 0, 1, 1, 2, 5, 5, 5, 4, 6, 3, 4, 4, 0, 1, 1, 5, 0, 4, 1, 1, 3, 1, 5, 2, 1, 0, 4, 4, 4, 5, 1, 3, 2, 3, 0, 2, 6, 0, 2, 3, 3, 1, 2, 2, 0, 1, 3, 0, 0, 0, 1, 0, 3, 2, 1, 3, 2, 1, 0, 1, 1, 2, 5, 0, 0, 8, 4, 0, 0, 0, 1, 7, 1, 1, 0, 0, 2, 0, 6, 3, 0, 0, 1, 5, 1, 2, 2, 1, 0, 4, 0, 2, 3, 4, 3, 0, 3, 5, 1, 4, 1, 1, 0, 3, 1, 3, 1, 1, 1, 3, 5, 2, 2, 2, 3, 4, 1, 0, 0, 2, 3, 5, 2, 2, 3, 0, 0, 4, 3, 3, 0, 4, 3, 1, 1, 2, 3, 1, 2, 2, 1, 2, 0, 1, 2, 3, 3, 5, 2, 0, 4, 0, 2, 1, 1, 2, 0, 0, 2, 3, 1, 8, 2, 0, 1, 3, 5, 1, 1, 6, 0, 1, 2, 6, 3, 7, 2, 1, 0, 1, 5, 3, 9, 4, 0, 1, 2, 1, 1, 1, 0, 1, 0, 6, 0, 0, 2, 5, 0, 0, 2, 2, 0, 0, 5, 4, 3, 2, 0, 5, 5, 3, 0, 0, 0, 1, 0, 1, 4, 4, 2, 2, 5, 3, 3, 0, 6, 7, 5, 3, 2, 6, 2, 0, 1, 7, 2, 7, 0, 0, 2, 3, 0, 1, 2, 0, 0, 2, 1, 0, 0, 0, 2, 0, 4, 2, 0, 2, 2, 1, 4, 3, 3, 0, 4, 1, 4, 0, 4, 0, 0, 6, 0, 1, 10, 0, 2, 4, 5, 6, 0, 0, 1, 3, 2, 8, 0, 0, 5, 2, 3, 0, 5, 2, 4, 3, 4, 5, 1, 2, 1, 2, 2, 2, 1, 5, 0, 0, 0, 1, 5, 2, 5, 2, 1, 2, 0, 0, 0, 1, 0, 5, 1, 1, 4, 0, 2, 3, 6, 1, 1, 0, 1, 6, 0, 2, 0, 0, 1, 0, 0, 1, 5, 0, 4, 4, 3, 2, 5, 0, 2, 1, 3, 1, 1, 3, 1, 6, 4, 5, 1, 5, 1, 0, 3, 2, 4, 0, 4, 5, 0, 1, 2, 2, 5, 7, 0, 0, 0, 0, 0, 2, 10, 3, 1, 0, 1, 0, 0, 3, 0, 0, 2, 5, 1, 4, 2, 2, 1, 1, 4, 3, 1, 0, 2, 5, 4, 4, 5, 2, 5, 0, 1), vege.lam=c(0.874,0.499,0.273,0.639,0.720,0.402,0.081,-0.655,-0.228,-0.502,-0.752,0.000,0.652,-0.257,0.041,-0.818,-0.179,-0.890,-0.647,-0.375,0.906,0.456,0.054,0.223,-0.084,0.401,-0.677,-0.623,-0.215,0.811,0.947,0.569,0.968,-0.230,-0.831,0.021,-0.046,-0.530,-0.663,-0.267,-0.402,-0.672,-0.391,0.670,-0.692,0.505,-0.680,-0.271,-0.694,-0.094,0.501,0.329,0.246,0.033,0.544,-0.308,-0.555,0.924,-0.978,-0.311,-0.984,0.402,0.040,-0.849,0.326,0.023,-0.039,0.164,0.779,0.307,0.380,0.142,-0.077,-0.228,-0.152,-0.070,-0.004,0.614,0.824,-0.730,-0.794,-0.139,-0.161,-0.756,-0.707,-0.762,0.430,-0.806,0.909,0.401,0.404,-0.641,-0.229,-0.206,0.826,0.754,0.181,-0.565,-0.308,0.201,-0.280,-0.559,-0.736,-0.387,-0.997,0.761,-0.856,0.285,-0.835,0.677,-0.923,-0.105,0.945,0.360,-0.955,-0.537,-0.226,0.315,0.162,-0.892,0.058,0.983,-0.971,0.523,0.201,-0.610,0.092,-0.187,-0.181,0.251,0.013,-0.795,-0.749,-0.629,-0.228,-0.749,0.344,0.469,0.946,0.515,0.656,0.122,-0.736,-0.134,0.266,-0.631,0.161,-0.874,-0.244,-0.057,0.920,-0.040,0.367,-0.250,0.522,-0.861,-0.898,0.871,-0.524,-0.613,-0.287,0.222,-0.703,0.141,0.718,0.722,0.388,0.090,-0.526,-0.466,-0.805,0.414,0.408,-0.791,0.936,0.951,-0.470,0.044,0.538,0.271,0.156,0.709,0.730,0.331,-0.460,0.140,0.724,0.123,0.003,0.964,0.288,-0.912,-0.625,-0.456,-0.042,0.324,-0.389,-0.847,0.305,0.705), site=c(1,2,3,4,5,6,7,8,9,10,11,12,13,14,15,16,17,18,19,20,21,22,23,24,25,26,27,28,29,30,31,32,33,34,35,36,37,38,39,40,41,42,43,44,45,46,47,48,49,50,51,52,53,54,55,56,57,58,59,60,61,62,63,64,65,66,67,68,69,70,71,72,73,74,75,76,77,78,79,80,81,82,83,84,85,86,87,88,89,90,91,92,93,94,95,96,97,98,99,100,101,102,103,104,105,106,107,108,109,110,111,112,113,114,115,116,117,118,119,120,121,122,123,124,125,126,127,128,129,130,131,132,133,134,135,136,137,138,139,140,141,142,143,144,145,146,147,148,149,150,151,152,153,154,155,156,157,158,159,160,161,162,163,164,165,166,167,168,169,170,171,172,173,174,175,176,177,178,179,180,181,182,183,184,185,186,187,188,189,190,191,192,193,194,195,196,197,198,199,200,1,2,3,4,5,6,7,8,9,10,11,12,13,14,15,16,17,18,19,20,21,22,23,24,25,26,27,28,29,30,31,32,33,34,35,36,37,38,39,40,41,42,43,44,45,46,47,48,49,50,51,52,53,54,55,56,57,58,59,60,61,62,63,64,65,66,67,68,69,70,71,72,73,74,75,76,77,78,79,80,81,82,83,84,85,86,87,88,89,90,91,92,93,94,95,96,97,98,99,100,101,102,103,104,105,106,107,108,109,110,111,112,113,114,115,116,117,118,119,120,121,122,123,124,125,126,127,128,129,130,131,132,133,134,135,136,137,138,139,140,141,142,143,144,145,146,147,148,149,150,151,152,153,154,155,156,157,158,159,160,161,162,163,164,165,166,167,168,169,170,171,172,173,174,175,176,177,178,179,180,181,182,183,184,185,186,187,188,189,190,191,192,193,194,195,196,197,198,199,200,1,2,3,4,5,6,7,8,9,10,11,12,13,14,15,16,17,18,19,20,21,22,23,24,25,26,27,28,29,30,31,32,33,34,35,36,37,38,39,40,41,42,43,44,45,46,47,48,49,50,51,52,53,54,55,56,57,58,59,60,61,62,63,64,65,66,67,68,69,70,71,72,73,74,75,76,77,78,79,80,81,82,83,84,85,86,87,88,89,90,91,92,93,94,95,96,97,98,99,100,101,102,103,104,105,106,107,108,109,110,111,112,113,114,115,116,117,118,119,120,121,122,123,124,125,126,127,128,129,130,131,132,133,134,135,136,137,138,139,140,141,142,143,144,145,146,147,148,149,150,151,152,153,154,155,156,157,158,159,160,161,162,163,164,165,166,167,168,169,170,171,172,173,174,175,176,177,178,179,180,181,182,183,184,185,186,187,188,189,190,191,192,193,194,195,196,197,198,199,200),