
list(N=c(2, 4, 6, 2, 5, 5, 5, 4, 3, 6, 4, 4, 2, 7, 8, 6, 6, 3, 8, 8, 4, 2, 8, 7, 8, 3, 4, 4, 4, 3, 3, 3, 2, 4, 4, 2, 1, 2, 1, 6, 4, 5, 4, 4, 3, 3, 2, 5, 5, 6, 2, 5, 9, 8, 5, 7, 1, 2, 8, 7, 2, 11, 1, 3, 5, 7, 7, 5, 2, 2, 6, 3, 9, 3, 5, 6, 5, 4, 3, 6, 5, 5, 8, 5, 6, 2, 5, 2, 5, 5, 6, 2, 6, 2, 4, 2, 4, 6, 3, 6, 3, 4, 7, 2, 1, 2, 3, 4, 6, 3, 3, 6, 1, 4, 5, 7, 8, 2, 5, 4, 7, 2, 3, 4, 2, 3, 3, 4, 3, 6, 7, 5, 5, 4, 6, 6, 1, 5, 2, 4, 2, 4, 5, 8, 7, 7, 6, 2, 9, 3, 1, 6, 4, 6, 3, 5, 7, 4, 4, 3, 7, 6, 9, 3, 2, 1, 4, 7, 4, 11, 5, 2, 2, 3, 2, 2, 4, 2, 4, 4, 7, 2, 5, 3, 7, 8, 3, 5, 4, 2, 3, 6, 6, 6, 5, 7, 6, 6, 5, 2), alpha.lam=-1.50, beta.lam=0.59, alpha.p=0.43, beta1.p=-0.52, beta2.p=-1.27)

