list(alpha = c(1.0,1.0,1.0, 1.0, 1.0), beta = 2)
