list(y = c(1,1,0,7,5,10,30,30,41,48,66,72,56,46,45,22,24,12,5,0,1), n = 522, s = 21)
