list(beta0 = 1.0, beta=c(1.0,1.0, 1.0), tau = 1.0, phi = 1.0)
