list(nDate=16, theta.max=21000,
	X=       c(3275, 3270, 3400, 3190, 3420, 3370, 3435, 3160, 3340, 3270, 3200, 3390, 3480, 3250, 3115, 3460), 
	sigma=c(  75,     80,     75,    75,     65,     75,    60,    70,     80,    75,    70,     80,    75,    75,     70,    70))
