list(theta=c(3500, 3500, 3500, 3500, 3500, 3500, 3500, 3500, 3500, 3500, 3500, 3500, 3500, 3500, 3500, 3500))
