list(b = c(	0.5,	0.5,	0.5,	0.5,	0.5,	0.5,	0.5,	0.5,	0.5,	0.5,	0.5,	0.5), 
	     tau = 0.1, mu = 1.0)
